AAAAA 332222 100 102.5
AAAAA 321212 100 103
AAAAA 332233 40 104
AAPL1 357772 110 407.8
AAPL1 329542 130 407.8
AAPL1 336807 20 407.8
AAPL1 377578 160 407.9
AAPL1 395248 120 407.9
AAPL1 321222 130 408
AAPL1 312489 150 408.1
AAPL1 322145 70 408.1
AAPL1 309468 90 408.1
AAPL1 335027 130 408.1
AAPL1 360290 170 408.2
AAPL1 352790 170 408.3
AAPL1 387560 170 408.3
AAPL1 366615 100 408.3
AAPL1 329542 140 408.4
AAPL1 395711 140 408.4
AAPL1 370953 60 408.6
AAPL1 325769 70 408.7
AAPL1 390515 180 408.7
AAPL1 318738 60 408.7
AAPL1 386227 50 408.8
AAPL1 359077 30 408.8
AAPL1 354208 100 408.9
AAPL1 311708 160 408.9
AAPL1 398221 60 408.9
AAPL1 333354 120 409.1
AAPL1 371828 80 409.2
AAPL1 336593 120 409.2
AAPL1 369268 170 409.2
AAPL1 389214 50 409.3
AAPL1 360354 150 409.3
AAPL1 329530 90 409.3
AAPL1 341676 20 409.4
AAPL1 346282 130 409.4
AAPL1 344214 80 409.5
AAPL1 358862 60 409.5
AAPL1 397616 170 409.6
AAPL1 360301 50 409.6
AAPL1 320964 120 409.7
AAPL1 362202 140 409.9
AAPL1 392410 20 410
AAPL1 311916 130 410.1
AAPL1 320094 70 410.2
AAPL1 311097 30 410.2
AAPL1 309004 150 410.3
AAPL1 320911 90 410.4
AAPL1 325109 90 410.6
AAPL1 388802 30 410.6
AAPL1 342809 180 410.6
AAPL1 361387 120 410.7
AAPL1 365961 170 410.7
AAPL1 370924 70 410.7
AAPL1 300684 20 410.7
AAPL1 373748 30 410.7
AAPL1 393194 20 410.8
AAPL1 330322 40 410.9
AAPL1 382874 180 411
AAPL1 356200 140 411.1
AAPL1 375731 50 411.2
AAPL1 364134 70 411.2
AAPL1 378175 60 411.2
AAPL1 323505 100 411.3
AAPL1 306215 140 411.3
AAPL1 336687 150 411.3
AAPL1 389952 80 411.4
AAPL1 375715 20 411.4
AAPL1 361569 20 411.4
AAPL1 391621 150 411.5
AAPL1 307761 80 411.5
AAPL1 326282 50 411.5
AAPL1 302817 120 411.5
AAPL1 379997 110 411.6
AAPL1 391442 120 411.6
AAPL1 384583 50 411.7
AAPL1 318425 40 411.7
AAPL1 336572 110 411.7
AAPL1 386632 80 411.8
AAPL1 305627 160 411.9
AAPL1 374900 110 411.9
AAPL1 305915 140 411.9
AAPL1 369453 170 411.9
AAPL1 379983 110 411.9
AAPL1 360798 100 412
AAPL1 360307 180 412
AAPL1 376240 50 412
AAPL1 368042 120 412
AAPL1 357281 120 412.1
AAPL1 369162 140 412.1
AAPL1 319073 160 412.2
AAPL1 362776 160 412.2
AAPL1 306182 140 412.3
AAPL1 377030 160 412.3
AAPL1 309021 50 412.4
AAPL1 306385 50 412.4
AAPL1 363114 180 412.4
AAPL1 355029 190 412.4
AAPL1 352355 130 412.5
AAPL1 391013 150 412.5
AAPL1 342704 40 412.6
AAPL1 354129 60 412.6
AAPL1 324996 150 412.6
AAPL1 323225 140 412.7
AAPL1 350249 150 412.7
AAPL1 382396 190 412.8
AAPL1 394130 160 412.8
AAPL1 362741 30 412.8
AAPL1 339961 180 412.9
AAPL1 316660 140 412.9
AAPL1 393688 30 412.9
AAPL1 336523 150 413
AAPL1 333239 140 413
AAPL1 314624 60 413.2
AAPL1 368184 190 413.2
AAPL1 377581 50 413.2
AAPL1 322653 60 413.3
AAPL1 379708 60 413.3
AAPL1 379134 170 413.4
AAPL1 334491 70 413.4
AAPL1 332897 140 413.6
AAPL1 361623 180 413.6
AAPL1 354037 20 413.7
AAPL1 365684 20 413.7
AAPL1 327877 150 413.7
AAPL1 399789 40 413.7
AAPL1 382529 130 413.9
AAPL1 393501 140 414
AAPL1 315541 90 414.1
AAPL1 338784 160 414.2
AAPL1 347740 150 414.2
AAPL1 384558 40 414.3
AAPL1 330749 70 414.3
AAPL1 372324 110 414.3
AAPL1 350471 20 414.4
AAPL1 381523 80 414.5
AAPL1 325602 50 414.7
AAPL1 361520 70 414.7
AAPL1 351772 60 414.7
AAPL1 300603 150 414.7
AAPL1 336316 120 414.8
AAPL1 357670 50 414.8
AAPL1 392706 150 414.9
AAPL1 306368 100 414.9
AAPL1 382455 100 414.9
AAPL1 304185 100 414.9
ABCDE 336612 40 42
ABCDE 396544 40 42
ABCDE 375221 40 42
ABCDE 345978 40 42
ABCDE 327433 40 42
ABCDE 383376 40 42
ABCDE 395950 40 42
ABCDE 329701 40 42
ABCDE 369824 40 42
ABCDE 335034 40 42.1
ABCDE 391957 40 42.1
ABCDE 387345 40 42.1
ABCDE 330034 40 42.1
ABCDE 396996 40 42.1
ABCDE 378012 40 42.1
ABCDE 310068 40 42.1
ABCDE 381110 40 42.1
ABCDE 325520 40 42.1
ABCDE 304489 40 42.1
ABCDE 349809 40 42.1
ABCDE 359467 40 42.1
ABCDE 301850 40 42.2
ABCDE 390869 40 42.2
ABCDE 399371 40 42.2
ABCDE 363373 40 42.2
ABCDE 310176 40 42.2
ABCDE 366626 40 42.2
ABCDE 332872 40 42.2
ABCDE 314919 40 42.2
ABCDE 338766 40 42.2
ABCDE 348561 40 42.2
ABCDE 392470 40 42.2
ABCDE 333127 40 42.3
ABCDE 303976 40 42.3
ABCDE 303687 40 42.3
ABCDE 365075 40 42.3
ABCDE 393641 40 42.3
ABCDE 384219 40 42.4
ABCDE 370841 40 42.4
ABCDE 371930 40 42.4
ABCDE 357826 40 42.4
ABCDE 328581 40 42.4
ABCDE 303056 40 42.4
ABCDE 327584 40 42.4
ABCDE 367428 40 42.4
ABCDE 388511 40 42.4
ABCDE 313434 40 42.4
ABCDE 308689 40 42.4
ABCDE 384240 40 42.4
ABCDE 361584 40 42.4
ABCDE 320267 40 42.5
ABCDE 389942 40 42.5
ABCDE 382573 40 42.5
ABCDE 349044 40 42.5
ABCDE 302585 40 42.5
ABCDE 399173 40 42.5
ABCDE 389197 40 42.5
ABCDE 399859 40 42.5
ABCDE 352831 40 42.5
ABCDE 382577 40 42.5
ABCDE 346038 40 42.5
ABCDE 365964 40 42.5
ABCDE 334421 40 42.5
ABCDE 317694 40 42.5
ABCDE 372924 40 42.6
ABCDE 355704 40 42.6
ABCDE 372440 40 42.6
ABCDE 363188 40 42.6
ABCDE 389314 40 42.6
ABCDE 320211 40 42.6
ABCDE 378153 40 42.6
ABCDE 395527 40 42.6
ABCDE 328808 40 42.6
ABCDE 320694 40 42.6
ABCDE 314482 40 42.6
ABCDE 326425 40 42.6
ABCDE 381786 40 42.7
ABCDE 317028 40 42.7
ABCDE 307611 40 42.7
ABCDE 320851 40 42.7
ABCDE 353836 40 42.7
ABCDE 317786 40 42.7
ABCDE 317157 40 42.7
ABCDE 318819 40 42.7
ABCDE 354872 40 42.7
ABCDE 357985 40 42.8
ABCDE 335551 40 42.8
ABCDE 356546 40 42.8
ABCDE 333173 40 42.8
ABCDE 363858 40 42.8
ABCDE 335854 40 42.8
ABCDE 376677 40 42.8
ABCDE 352158 40 42.8
ABCDE 309717 40 42.8
ABCDE 351516 40 42.8
ABCDE 334472 40 42.8
ABCDE 319818 40 42.8
ABCDE 366848 40 42.9
ABCDE 354289 40 42.9
ABCDE 307512 40 42.9
ABCDE 313756 40 42.9
ABCDE 359676 40 42.9
ABCDE 390492 40 42.9
ABCDE 353753 40 42.9
ABCDE 389017 40 42.9
ABCDE 370149 40 43
ABCDE 396313 40 43
ABCDE 390379 40 43
ABCDE 328029 40 43
ABCDE 359794 40 43
ABCDE 353696 40 43
ABCDE 305609 40 43
ABCDE 324985 40 43
ABCDE 339905 40 43
ABCDE 316919 40 43
ABCDE 381751 40 43
ABCDE 368088 40 43
ABCDE 324064 40 43
ABCDE 359479 40 43.1
ABCDE 324155 40 43.1
ABCDE 398206 40 43.1
ABCDE 311694 40 43.1
ABCDE 393417 40 43.1
ABCDE 358174 40 43.1
ABCDE 332193 40 43.1
ABCDE 339377 40 43.1
ABCDE 335712 40 43.1
ABCDE 385472 40 43.2
ABCDE 390326 40 43.2
ABCDE 318122 40 43.2
ABCDE 398389 40 43.2
ABCDE 363985 40 43.2
ABCDE 316296 40 43.2
ABCDE 326505 40 43.2
ABCDE 360806 40 43.3
ABCDE 337558 40 43.3
ABCDE 344456 40 43.3
ABCDE 305145 40 43.3
ABCDE 319435 40 43.3
ABCDE 396950 40 43.3
ABCDE 303409 40 43.3
ABCDE 330375 40 43.3
ABCDE 351234 40 43.3
ABCDE 322780 40 43.3
ABCDE 380323 40 43.3
ABCDE 395109 40 43.3
ABCDE 304027 40 43.4
ABCDE 347465 40 43.4
ABCDE 355887 40 43.4
ABCDE 306069 40 43.4
ABCDE 371439 40 43.4
ABCDE 303979 40 43.4
ABCDE 396243 40 43.4
ABCDE 368125 40 43.4
ABCDE 356031 40 43.4
ABCDE 320531 40 43.4
ABCDE 389715 40 43.4
ABCDE 346032 40 43.5
ABCDE 322158 40 43.5
ABCDE 385655 40 43.5
ABCDE 367749 40 43.5
ABCDE 342358 40 43.5
ABCDE 365308 40 43.6
ABCDE 326609 40 43.6
ABCDE 316622 40 43.6
ABCDE 389589 40 43.6
ABCDE 359367 40 43.6
ABCDE 345868 40 43.6
ABCDE 310890 40 43.6
ABCDE 324670 40 43.7
ABCDE 388899 40 43.7
ABCDE 303338 40 43.7
ABCDE 341207 40 43.7
ABCDE 308921 40 43.7
ABCDE 387375 40 43.7
ABCDE 323734 40 43.7
ABCDE 355950 40 43.7
ABCDE 321822 40 43.8
ABCDE 395160 40 43.8
ABCDE 319911 40 43.8
ABCDE 389456 40 43.8
ABCDE 314265 40 43.8
ABCDE 321768 40 43.8
ABCDE 354648 40 43.8
ABCDE 350344 40 43.8
ABCDE 367545 40 43.8
ABCDE 350078 40 43.8
ABCDE 386462 40 43.8
ABCDE 332541 40 43.9
ABCDE 340870 40 43.9
ABCDE 332288 40 43.9
ABCDE 345127 40 43.9
ABCDE 383903 40 43.9
ABCDE 342624 40 43.9
ABCDE 356625 40 43.9
ABCDE 345349 40 43.9
ABCDE 394763 40 43.9
ABCDE 330327 40 43.9
ABCDE 375763 40 43.9
ABCDE 391367 40 43.9
GOOOG 326744 110 839.2
GOOOG 337252 350 839.3
GOOOG 323356 430 840.8
GOOOG 354098 30 841.5
GOOOG 338973 30 843.6
GOOOG 364558 50 843.8
GOOOG 327996 490 844
GOOOG 325416 180 847.7
GOOOG 346306 410 848.1
GOOOG 342908 470 850.3
GOOOG 341133 380 850.8
GOOOG 352152 340 851.4
GOOOG 331380 410 852.2
GOOOG 379386 180 854.2
GOOOG 392620 390 856.3
GOOOG 307484 460 857.3
GOOOG 316086 310 859.4
GOOOG 345049 230 860.7
GOOOG 361715 230 860.9
GOOOG 346909 440 861.4
GOOOG 335974 260 862.1
GOOOG 361467 320 862.8
GOOOG 330223 270 863.8
GOOOG 335965 240 865.7
GOOOG 362751 340 866.3
GOOOG 338404 490 867.2
GOOOG 333370 120 868.4
GOOOG 319383 460 874.7
GOOOG 321559 390 875.6
GOOOG 395769 180 875.9
GOOOG 305962 310 877.1
GOOOG 314649 460 878
GOOOG 393291 210 878.3
GOOOG 353638 60 880.5
GOOOG 346113 370 882.4
GOOOG 335482 140 882.7
GOOOG 355539 40 882.9
GOOOG 305802 230 883
GOOOG 359810 250 887.7
GOOOG 336475 80 888.1
GOOOG 366139 210 890.6
GOOOG 323157 90 893
GOOOG 397341 80 893.6
GOOOG 301889 160 894.1
GOOOG 341633 120 895.1
GOOOG 366949 260 895.5
GOOOG 391932 170 895.7
GOOOG 345466 390 898.4
GOOOG 363354 240 898.8
GOOOG 327509 380 899.1
GOOOG 328790 160 901.5
GOOOG 333519 460 904.9
GOOOG 355107 130 906.1
GOOOG 359364 60 906.4
GOOOG 300151 20 908.6
GOOOG 324488 440 910.3
GOOOG 398684 50 910.3
GOOOG 308745 70 911.9
GOOOG 366444 280 914.2
GOOOG 381747 50 914.9
GOOOG 308696 160 915.9
GOOOG 362343 470 916.6
GOOOG 360225 420 917.2
GOOOG 306400 220 917.3
GOOOG 327199 200 918
GOOOG 359706 50 918.9
GOOOG 319985 70 919.6
GOOOG 372666 210 920.7
GOOOG 361718 220 922.7
GOOOG 355085 460 923.6
GOOOG 372615 260 924.3
GOOOG 353815 320 924.4
GOOOG 381052 30 926.4
GOOOG 362695 90 926.5
GOOOG 381930 50 928.1
GOOOG 307116 140 928.3
GOOOG 375712 170 929.8
GOOOG 360410 120 930.7
GOOOG 367156 80 930.8
GOOOG 383827 110 931.8
GOOOG 345789 180 932.7
GOOOG 302099 410 933.2
GOOOG 371660 20 933.7
GOOOG 315057 160 934.3
GOOOG 314221 470 934.4
GOOOG 397822 270 936.4
GOOOG 373600 160 937
GOOOG 309414 460 937.2
GOOOG 358770 210 937.8
GOOOG 312818 350 942.9
GOOOG 375672 40 944.2
GOOOG 340442 320 945.5
GOOOG 364800 370 948
GOOOG 323403 290 949.6
GOOOG 357784 260 951.1
GOOOG 365718 90 951.1
GOOOG 383056 50 953.9
GOOOG 349696 390 953.9
GOOOG 343398 300 954.5
GOOOG 337549 400 955.3
GOOOG 315110 140 957
GOOOG 351120 40 957.8
GOOOG 389571 120 958.1
GOOOG 333164 240 958.7
GOOOG 389625 320 959
GOOOG 330556 470 962
GOOOG 328656 250 964.4
GOOOG 347106 270 964.6
GOOOG 349838 250 965.1
GOOOG 317987 30 966.9
GOOOG 301403 100 967.6
GOOOG 336610 190 969
GOOOG 383988 230 969.4
GOOOG 332252 460 970.6
GOOOG 346965 330 971.2
GOOOG 364000 380 971.4
GOOOG 371773 250 971.5
GOOOG 326686 170 972.1
GOOOG 389445 390 974.7
GOOOG 301802 180 977
GOOOG 376357 290 977.1
GOOOG 399460 110 977.4
GOOOG 314132 120 977.6
GOOOG 319299 50 978.6
GOOOG 328631 430 979.2
GOOOG 337661 390 979.7
GOOOG 391926 110 980.1
GOOOG 301489 50 981.1
GOOOG 340592 320 982.6
GOOOG 370423 390 986.2
GOOOG 342042 150 987.1
GOOOG 356435 430 987.7
GOOOG 394751 110 987.8
GOOOG 346152 480 987.9
GOOOG 350726 460 988.8
GOOOG 390970 60 989.9
MFE13 334402 20 701.2
MFE13 383550 20 701.2
MFE13 381281 10 701.3
MFE13 351567 10 701.3
MFE13 385980 10 701.3
MFE13 324664 20 701.3
MFE13 327359 20 701.3
MFE13 376664 20 701.3
MFE13 372452 10 701.3
MFE13 392647 10 701.3
MFE13 313298 30 701.3
MFE13 397192 30 701.4
MFE13 352312 30 701.4
MFE13 352922 10 701.4
MFE13 390918 20 701.4
MFE13 391398 30 701.4
MFE13 386896 10 701.5
MFE13 360364 30 701.5
MFE13 357098 30 701.5
MFE13 390504 30 701.5
MFE13 359859 10 701.6
MFE13 369574 20 701.6
MFE13 377746 30 701.6
MFE13 305319 20 701.6
MFE13 379278 20 701.6
MFE13 371790 10 701.7
MFE13 389002 10 701.7
MFE13 343404 30 701.7
MFE13 373983 20 701.7
MFE13 302799 30 701.7
MFE13 363090 10 701.7
MFE13 333066 30 701.7
MFE13 356445 10 701.7
MFE13 323333 20 701.8
MFE13 385979 30 701.8
MFE13 332724 20 701.8
MFE13 301744 10 701.8
MFE13 358772 20 701.9
MFE13 365083 10 701.9
MFE13 323136 20 702
MFE13 375448 20 702
MFE13 366331 10 702
MFE13 378224 20 702
MFE13 378482 20 702.1
MFE13 345294 20 702.1
MFE13 362468 10 702.1
MFE13 318500 30 702.1
MFE13 359533 30 702.1
MFE13 393023 10 702.1
MFE13 302301 20 702.2
MFE13 356457 10 702.2
MFE13 396675 30 702.2
MFE13 354938 10 702.2
MFE13 315041 30 702.2
MFE13 365661 20 702.2
MFE13 368476 30 702.3
MFE13 356188 20 702.3
MFE13 377794 10 702.3
MFE13 303187 10 702.3
MFE13 370608 10 702.3
MFE13 330065 10 702.4
MFE13 304203 20 702.4
MFE13 360996 20 702.4
MFE13 317577 10 702.4
MFE13 328480 20 702.4
MFE13 337671 20 702.4
MFE13 379117 30 702.4
MFE13 390960 20 702.5
MFE13 362502 10 702.5
MFE13 372450 20 702.5
MFE13 375050 30 702.5
MFE13 300898 20 702.6
MFE13 384001 10 702.6
MFE13 337839 20 702.6
MFE13 348035 30 702.6
MFE13 333141 30 702.6
MFE13 362125 20 702.7
MFE13 300997 10 702.7
MFE13 330891 10 702.7
MFE13 320500 30 702.8
MFE13 351256 10 702.8
MFE13 379971 10 702.8
MFE13 367272 10 702.8
MFE13 382096 20 702.8
MFE13 395915 20 702.8
MFE13 322574 30 702.8
MFE13 382795 10 702.8
MFE13 399842 20 702.9
MFE13 379479 10 702.9
MFE13 373979 20 702.9
MFE13 338951 30 702.9
MFE13 360918 10 702.9
MSFT0 336693 170 6.5
MSFT0 300791 150 6.5
MSFT0 309816 110 6.5
MSFT0 375411 130 6.5
MSFT0 351993 120 6.5
MSFT0 362409 190 6.5
MSFT0 356253 120 6.5
MSFT0 309980 150 6.5
MSFT0 377306 100 6.5
MSFT0 386495 120 6.5
MSFT0 368467 170 6.5
MSFT0 337039 180 6.5
MSFT0 315844 130 6.5
MSFT0 376392 110 6.5
MSFT0 349013 100 6.5
MSFT0 318401 190 6.5
MSFT0 376730 110 6.5
MSFT0 333773 160 6.5
MSFT0 332090 130 6.5
MSFT0 304308 130 6.5
MSFT0 350964 110 6.5
MSFT0 315001 160 6.5
MSFT0 394632 190 6.5
MSFT0 349380 130 6.5
MSFT0 347490 130 6.5
MSFT0 366996 110 6.5
MSFT0 337307 160 6.5
MSFT0 343159 120 6.6
MSFT0 395209 110 6.6
MSFT0 304320 160 6.6
MSFT0 390492 100 6.6
MSFT0 302139 190 6.6
MSFT0 380473 150 6.6
MSFT0 356447 160 6.6
MSFT0 328976 150 6.6
MSFT0 352618 170 6.6
MSFT0 317406 120 6.6
MSFT0 332587 130 6.6
MSFT0 330095 160 6.6
MSFT0 322876 110 6.6
MSFT0 356488 100 6.6
MSFT0 323188 100 6.6
MSFT0 338371 180 6.6
MSFT0 355082 160 6.6
MSFT0 334080 190 6.6
MSFT0 352443 170 6.6
MSFT0 374022 150 6.6
MSFT0 301699 100 6.6
MSFT0 380433 190 6.6
MSFT0 366060 100 6.6
MSFT0 300132 130 6.6
MSFT0 331560 120 6.6
MSFT0 399401 120 6.6
MSFT0 383436 160 6.6
MSFT0 334039 130 6.6
MSFT0 361767 110 6.6
MSFT0 370576 150 6.6
MSFT0 337243 190 6.6
MSFT0 313236 120 6.6
MSFT0 325361 150 6.6
MSFT0 328617 110 6.6
MSFT0 349547 160 6.6
MSFT0 300480 130 6.6
MSFT0 344398 130 6.6
MSFT0 335515 150 6.6
MSFT0 363710 120 6.6
MSFT0 355456 110 6.6
MSFT0 328720 130 6.6
MSFT0 388776 150 6.6
MSFT0 325221 110 6.6
MSFT0 356584 190 6.6
MSFT0 380736 160 6.6
MSFT0 301440 140 6.6
MSFT0 366133 130 6.6
MSFT0 398767 100 6.6
MSFT0 382757 150 6.6
MSFT0 342490 100 6.6
MSFT0 390469 130 6.6
MSFT0 367467 190 6.6
MSFT0 384306 170 6.6
MSFT0 380034 120 6.6
MSFT0 371371 110 6.6
MSFT0 369101 140 6.6
MSFT0 333181 180 6.6
MSFT0 310884 100 6.6
MSFT0 352841 180 6.6
MSFT0 327374 100 6.6
MSFT0 319314 150 6.6
MSFT0 363022 130 6.7
MSFT0 394436 190 6.7
MSFT0 329205 150 6.7
MSFT0 338030 170 6.7
MSFT0 326838 180 6.7
MSFT0 364859 140 6.7
MSFT0 309644 130 6.7
MSFT0 320495 180 6.7
MSFT0 317402 190 6.7
MSFT0 328206 190 6.7
MSFT0 377981 150 6.7
MSFT0 356735 140 6.7
MSFT0 308733 180 6.7
MSFT0 342844 160 6.7
MSFT0 360736 160 6.7
MSFT0 378086 190 6.7
MSFT0 309837 140 6.7
MSFT0 310626 150 6.7
MSFT0 305734 140 6.7
MSFT0 381059 160 6.7
MSFT0 304407 150 6.7
MSFT0 338416 150 6.7
MSFT0 342667 160 6.7
MSFT0 373722 130 6.7
MSFT0 316979 100 6.7
MSFT0 367339 170 6.7
MSFT0 372520 110 6.7
MSFT0 307550 100 6.7
MSFT0 358629 190 6.7
MSFT0 307929 180 6.7
MSFT0 395385 150 6.7
MSFT0 386454 120 6.7
MSFT0 302903 110 6.7
MSFT0 339361 150 6.7
MSFT0 394998 180 6.7
MSFT0 312631 110 6.7
MSFT0 388690 170 6.7
MSFT0 343731 190 6.7
MSFT0 301554 140 6.7
MSFT0 364722 120 6.7
MSFT0 302725 160 6.7
MSFT0 310155 100 6.7
MSFT0 351411 110 6.7
MSFT0 310086 170 6.7
MSFT0 305555 100 6.7
MSFT0 389345 180 6.8
MSFT0 379356 110 6.8
MSFT0 314594 190 6.8
MSFT0 386716 130 6.8
MSFT0 375320 110 6.8
MSFT0 302915 150 6.8
MSFT0 307930 100 6.8
MSFT0 322585 130 6.8
MSFT0 333547 170 6.8
MSFT0 399288 190 6.8
MSFT0 320676 100 6.8
MSFT0 303647 170 6.8
MSFT0 340665 170 6.8
MSFT0 364832 140 6.8
MSFT0 305787 120 6.8
MSFT0 360438 100 6.8
MSFT0 385776 140 6.8
MSFT0 305190 130 6.8
MSFT0 385756 180 6.8
MSFT0 391907 140 6.8
MSFT0 341070 130 6.8
MSFT0 303673 120 6.8
MSFT0 376907 180 6.8
MSFT0 361865 150 6.8
MSFT0 335070 180 6.8
MSFT0 308106 130 6.8
MSFT0 396849 170 6.8
MSFT0 331838 160 6.8
MSFT0 327272 120 6.8
MSFT0 398894 170 6.8
MSFT0 393260 130 6.8
MSFT0 307682 110 6.8
MSFT0 333730 170 6.8
MSFT0 371821 180 6.8
MSFT0 316042 110 6.8
MSFT0 338956 180 6.8
MSFT0 386199 150 6.8
MSFT0 336930 150 6.8
MSFT0 338668 130 6.8
MSFT0 378164 110 6.8
MSFT0 378825 160 6.8
MSFT0 349435 160 6.8
MSFT0 323087 110 6.8
MSFT0 351475 190 6.8
MSFT0 303275 170 6.8
MSFT0 395385 150 6.8
MSFT0 391046 140 6.8
MSFT0 395334 110 6.8
MSFT0 363283 110 6.8
MSFT0 334739 110 6.8
MSFT0 341039 110 6.8
MSFT0 385307 100 6.8
MSFT0 392565 120 6.8
